5796
53345
33836
41488
46619
65404
40939
63655
50334
30533
41974
26466
56021
21869
59570
25929
14076
56059
48894
60653
58721
35777
58333
29883
46856
15036
24337
30513
60042
57767
54404
15066
48310
54412
55545
58764
20713
12081
41666
5859
47979
35730
5754
48372
50509
49972
34108
57367
31044
59754
5319
3607
47148
56938
23955
27694
50017
558
41555
43989
31943
18586
6098
21387
17470
11191
30043
5935
28030
33306
33543
54916
33566
51930
4840
6906
45673
50176
58423
19228
44339
12573
51621
46330
11850
14163
51462
65255
25629
61363
886
59351
8454
15133
53939
58172
16920
10001
5116
13964
5604
28149
61086
59298
26423
6114
64765
49898
57123
61580
45976
53713
43014
28628
22933
56314
29857
60730
48463
46959
45535
19033
52388
1796
55786
20139
20072
11577
37086
40242
52840
40630
29491
51987
23402
40772
11143
9192
34035
57681
777
27637
48058
53835
25053
27178
31445
33847
38774
3852
